referrer,views_total,views_unique
github.com,7,3
Google,5,3
ecosia.org,1,1
wiki.ros.org,1,1
